Lattice =[    1.0000    0.0001         0         0         0         0
   11.0000         0         0         0         0         0
    1.0000    0.4100         0         0         0         0
    2.0000         0   10.2850    0.2000         0         0
    1.0000    0.1900         0         0         0         0
    2.0000         0  -10.2850    0.2000         0         0
    1.0000    1.5360         0         0         0         0
    2.0000         0   10.2850    0.2000         0         0
    1.0000    0.2000         0         0         0         0
    2.0000         0  -10.2850    0.2000         0         0
    1.0000    0.5700         0         0         0         0
   12.0000         0         0         0         0         0
    1.0000    0.4790         0         0         0         0
    2.0000         0   10.2850    0.2000         0         0
    1.0000    0.2000         0         0         0         0
    2.0000         0  -10.2850    0.2000         0         0
    1.0000    1.5390         0         0         0         0
    2.0000         0   10.2850    0.2000         0         0
    1.0000    0.2000         0         0         0         0
    2.0000         0  -10.2850    0.2000         0         0
    1.0000    0.4520         0         0         0         0
   11.0000         0         0         0         0         0
    1.0000    0.5150         0         0         0         0
    2.0000         0    1.0000    0.2000         0         0
    1.0000    0.2000         0         0         0         0
    2.0000         0   -5.0000    0.2000         0         0
    1.0000    0.4760         0         0         0         0
    3.0000         0         0         0    0.6000    1.0472
    1.0000    0.4730         0         0         0         0
    1.0000    0.0850         0         0         0         0
    1.0000    0.8820         0         0         0         0
   11.0000         0         0         0         0         0];